Gene,Young_leaf,Mature_leaf,Senescent_leaf,Young_flower,Mature_flower,Dry_capsule,Stem,Root,AxB,ApB
Gene1,0.05188955,0.0503332,0.246313365,0.4610497333,0.40133575,0,0.0856092667,2.1666661667,0.1056925,0.01937303
Gene2,0.1667107,0.5466335,0.8282,0.5317374333,0.0625122,0,0.2487855,8.3293973333,0.04400182,0
Gene3,5.6306975,3.883322,4.975942,9.29486,9.6657295,2.9133353333,7.7170353333,11.7082333333,5.076355,5.2023615
Gene4,0.655085,1.73512305,1.8445305,0.908547,1.865462,1.5710929333,1.0886172667,1.339017,3.6600645,2.1967932
Gene5,4.297679,3.2707305,2.6609785,7.4176773333,5.907758,3.9808573333,4.09841,5.2532563333,14.24153,13.995615
Gene6,3.737574,5.903426,5.403966,10.9945463333,6.0261915,25.7225833333,4.241847,9.4328006667,8.8627545,17.31148
Gene7,0,0,0.37079665,0.5010454,0.79103815,1.218568,0.411574,0.7102574667,1.320605,0
Gene8,0,1.516944,1.0370458,3.1135013333,6.98767,1.3719801667,2.5126092667,2.0086723333,0.3069862,0
Gene9,5.9249005,9.18877,8.2345245,13.78552,8.779783,34.9966133333,7.5160126667,10.7009633333,11.790485,13.27754
Gene10,5.900282,7.376789,8.6996565,12.6398866667,10.6543605,3.0837746667,6.8126923333,10.5973,12.216695,13.738515
Gene11,0,0,0,0,0,0,0,0,0,0
Gene12,3.0341865,3.571847,6.059159,2.7984296667,7.6099325,8.0794643333,5.1264776667,3.1867323333,3.073299,3.1469795
Gene13,0.064296975,0.02586433,0.05106674,1.7236653333,0.6861441,0,0.13793001,0.1265441333,0.07378916,0.03857445
Gene14,0,0,0,0,0,0,0,0,12.974475,7.9018755
Gene15,0.07320675,0.2422121,1.355597,0.3722564,0.19205492,0.03306636,0.0564938167,7.373052,0,0
Gene16,0,0.1413452,0,0,0.0914392,0.1397914333,0.1091542333,0,0.17571365,0.10091675
Gene17,0,0,0,1.8306606333,0.08589135,0,0,1.584224,0,0
Gene18,3.9154455,4.951616,1.9504215,31.0701166667,35.362065,0.1064626633,9.532851,17.7702066667,12.79943,14.998205
Gene19,2.961464,2.1360345,1.00134245,0.0803611,0,16.95782,0.1263245667,0,6.3666675,1.41389555
Gene20,5.872005,11.0050135,4.240144,6.3100496667,2.835691,0.0919491333,10.2278613333,3.4159716667,1.2010545,1.3158075
Gene21,0.0642751,0.0733135,0.136926295,0.4845687333,4.0745985,0.2785193667,0,35.49459,0,0
Gene22,0,0,0,0.1676552333,0,0,0,0.8249958667,0,0
Gene23,0.15514245,0,0,0.1839446667,0,0,0,0.6534914667,0,0
Gene24,0,0,0,0,0,0,0,0,0,0
Gene25,0,0.10080735,0.25512005,0.4691956667,0.83529095,0,0.3403771333,1.1189877,0.06827985,0.0658661
Gene26,0,3.0678505,0.528241,0,2.420461,0,0,0,0.58631925,0.11417105
Gene27,1.33276425,3.248338,0.368267,0.1673076667,6.706841,0,0.2955519667,0.1969720667,1.531842,0.1553844
Gene28,1.05980045,2.44141665,0.8513305,0.6741399333,0.5473982,0,17.5052833333,11.1825516667,0.09076055,0.3297754
Gene29,7.1998515,7.792654,3.320753,12.5557666667,8.465454,1.8423076667,5.5354953333,4.50907,7.002055,9.957347
Gene30,0.34026695,0.21224235,0.4080681,0.5544732333,9.445568,0.2700487667,0.0622660933,68.84938,0.048092825,0.03816442
Gene31,0.065116645,0.088210375,0.0525355,0.3887399,0.023594855,0,0,3.738573,0.12296105,0.01438277
Gene32,0,0,0.04283095,0,0,0,0.0543713333,0.2193157333,0,0.22411615
Gene33,81.635505,45.408625,28.932085,3.1634993333,0.4688514,0.0648937767,46.6701,35.5998833333,6.4390825,12.0040455
Gene34,0,0,0,0,0.14299545,0,4.8481036667,0.6396312,0.8068188,0.146680925
Gene35,1.2540545,5.7428685,0.1337805,0.2484679333,6.3713475,0,0,0.2638695333,5.460704,2.083138
Gene36,6.9931355,4.8963035,1.333602,1.2764196667,1.23793325,0,7.5089843333,26.2177133333,0.60534555,2.6935025
Gene37,8.7850055,15.15197,9.8213525,1.6881116667,14.56791,0.1928491333,4.5495106667,28.1440533333,4.4440945,5.493473
Gene38,0,0,0,0.0664591333,0,0,0,0.16969493,0.2413109,0
Gene39,4.914702,14.379165,4.700831,4.2150056667,1.81955,0.13859383,11.3580826667,3.500796,3.2737795,2.0819415
Gene40,1.41927855,0.88324585,1.29289045,0.1969422,0.203572,3.9764653333,0.2940370333,0.2210033,2.9656225,0.29933495
Gene41,1.6427465,0.9922101,0.48220975,14.1510816667,13.1599,0,5.084907,10.3149153333,4.0521155,3.112691
Gene42,0,0,0,0,0.0749064,0,0,0,0,0.31859085
Gene43,0.027933495,0.02686627,0.09611964,1.6087603667,1.1593926,0.1332523,0.0529846,14.6059333333,0.3853564,0.29916025
Gene44,0.04328569,0,0.08729238,0.5047978333,0.9809283,0.0976676667,0.2440146467,0.4652261,0.0649888,0
Gene45,0.08669534,0.07265147,0.149243295,1.4051415667,0.61236245,0.12299705,0.12103423,0.3404126333,0.14932768,0.19082105
Gene46,2.291323,0.73079455,0.23231105,0.1766433567,0.23114677,0.2630767333,0.3444467333,3.9063936667,0.06740629,0
Gene47,5.9982785,8.765701,9.309047,8.6270703333,22.413625,1.5446422667,8.6096006667,20.74607,10.0124735,7.561576
Gene48,12.7639625,7.7045285,5.171386,0.7724296333,8.769769,0,18.5815933333,10.3348616667,1.0962795,5.4117335
Gene49,0.2180679,0.8431287,0.1832786,0.0908531367,2.65213255,0,0.0735500333,0.0353225667,0.31528315,0.12562895
Gene50,11.53559,17.48966,17.39215,15.0281666667,39.781915,4.6104993333,14.7216966667,19.45055,8.383871,5.9861035
Gene51,17.3697,7.6701895,5.808545,31.6077133333,15.725805,0.0752348267,10.2640166667,14.4813866667,27.591955,35.78136
Gene52,0.1286488,0,0,0.4769975,0.07499345,0,0,0.7592067,0.03341633,0
Gene53,0,0,0,0.0290825167,0,0,0,0,0,0.1190401
Gene54,6.25163,7.217653,6.445353,16.6408366667,12.990605,1.3857056667,7.0376796667,16.70334,11.5088,16.31643
Gene55,4.4169175,4.5375665,5.26347,6.4749213333,5.822059,3.8228916667,7.5110026667,9.5229953333,3.183262,3.772745
Gene56,0.12356995,0.1790485,0.11645031,0.4364476067,0.51007075,0,0.1560995333,0.1755072,0.12006785,0.33803485
Gene57,8.146324,6.3877785,12.825225,13.8897433333,13.238005,2.2735513333,9.3703413333,17.5781866667,15.042565,20.081505
Gene58,12.145167,13.2201485,11.5698445,0.24302753,0.709391,0,6.6921313333,24.30129,0.105757075,0.2343896
Gene59,0.033858165,0,0,0.3350454667,0,0,0,2.1611736333,0,0.07548426
Gene60,0.0555394,0.10772165,0,0.28080969,0.04263955,0,0,1.3088531333,0.5530367,0.045847505
Gene61,0,0.0539586,0,0.1345795833,0.27067655,0,0.02773055,2.9736786667,0.025055385,0
Gene62,0,0,0,0.1730864333,0.030302485,0,0,0.3981718833,0.1324574,0.13713535
Gene63,0.06174975,0.292255425,0.08319313,0.0122385267,0.445860245,0,3.8437973333,2.1537913333,1.741453,0.6466439
Gene64,0.01494664,0,0.012368515,0.4997145333,0.33571585,0,0.0090133533,3.092129,0.17935855,0.06569878
Gene65,5.18409,21.4487,13.131845,0.4766530667,1.7556955,0,2.1862823333,5.8012796667,1.06010855,1.966518
Gene66,0,0,0.079017105,0.6912562,0,0.0461938333,0.02893346,0.0272389333,0,0.05009335
Gene67,13.6646085,3.824956,2.1023835,27.6510766667,11.1697295,0.0418764333,7.4828036667,11.5036933333,20.75714,28.501615
Gene68,0,0,0,1.8457254667,33.722235,0,0.0864291333,0.14005963,0.2460658,3.719151
Gene69,0,0,0,1.0306416667,21.67749,0.1355064667,0.0827149,0.1565933,0.3143806,1.6551795
Gene70,0.0647463,0.063449,0.03956436,1.2535624533,0.54160265,0.0507845333,0,5.1579253333,0.8768243,0.48690205
Gene71,0,0,0.022747915,0.9396975667,33.11969,0.0572777733,0,0.1300859233,0,1.3940315
Gene72,0,0,0,1.3417271333,0.1915949,0,0.1038603667,6.079169,0,0.8861225
Gene73,0,0.17482676,0.027882715,0,0.021841005,0,1.5268017333,60.1212066667,0,0
Gene74,0,0,0,0.6008802,0.097562115,0,0.0196892467,3.3846433333,0.23520165,0.2569874
Gene75,0,1.4576395,0.1850731,1.6623730333,5.8582085,0.6950469,0.874053,1.7550932,0,0
